1 0.99005 0.9802 0.97045 0.96079 0.95123 0.94176 0.93239 0.92312 0.91393 0.90484 0.89583 0.88692 0.8781 0.86936 0.86071 0.85214 0.84366 0.83527 0.82696 0.81873 0.81058 0.80252 0.79453 0.78663 0.7788 0.77105 0.76338 0.75578 0.74826 0.74082 0.73345 0.72615 0.71892 0.71177 0.70469 0.69768 0.69073 0.68386 0.67706 0.67032 0.66365 0.65705 0.65051 0.64404 0.63763 0.63128 0.625 0.61878 0.61263 0.60653 0.6005 0.59452 0.5886 0.58275 0.57695 0.57121 0.56553 0.5599 0.55433 0.54881 0.54335 0.53794 0.53259 0.52729 0.52205 0.51685 0.51171 0.50662 0.50158 0.49659 0.49164 0.48675 0.48191 0.47711 0.47237 0.46767 0.46301 0.45841 0.45384 0.44933 0.44486 0.44043 0.43605 0.43171 0.42741 0.42316 0.41895 0.41478 0.41066 0.40657 0.40252 0.39852 0.39455 0.39063 0.38674 0.38289 0.37908 0.37531 0.37158 0.36788
0.99005 0.98596 0.97789 0.96887 0.95961 0.95029 0.94099 0.93173 0.92254 0.91343 0.90439 0.89543 0.88655 0.87776 0.86905 0.86042 0.85188 0.84342 0.83504 0.82674 0.81853 0.81039 0.80234 0.79436 0.78646 0.77865 0.7709 0.76324 0.75565 0.74813 0.74069 0.73333 0.72604 0.71881 0.71167 0.70459 0.69758 0.69064 0.68377 0.67697 0.67024 0.66357 0.65697 0.65043 0.64396 0.63756 0.63122 0.62494 0.61872 0.61256 0.60647 0.60044 0.59446 0.58855 0.58269 0.5769 0.57116 0.56548 0.55985 0.55428 0.54877 0.54331 0.5379 0.53255 0.52725 0.52201 0.51681 0.51167 0.50658 0.50154 0.49655 0.49161 0.48672 0.48188 0.47708 0.47234 0.46764 0.46298 0.45838 0.45382 0.4493 0.44483 0.4404 0.43602 0.43168 0.42739 0.42314 0.41893 0.41476 0.41063 0.40655 0.4025 0.3985 0.39453 0.39061 0.38672 0.38287 0.37906 0.37529 0.37156 0.36786
0.9802 0.97789 0.97211 0.96459 0.95626 0.94757 0.93871 0.92979 0.92085 0.91193 0.90305 0.89422 0.88545 0.87675 0.86812 0.85957 0.85108 0.84268 0.83435 0.82609 0.81791 0.80981 0.80179 0.79384 0.78597 0.77818 0.77046 0.76282 0.75524 0.74775 0.74033 0.73297 0.7257 0.71849 0.71135 0.70429 0.69729 0.69036 0.6835 0.67671 0.66999 0.66333 0.65673 0.65021 0.64374 0.63734 0.63101 0.62474 0.61853 0.61238 0.60629 0.60026 0.59429 0.58838 0.58253 0.57674 0.57101 0.56533 0.55971 0.55414 0.54863 0.54317 0.53777 0.53242 0.52713 0.52189 0.51669 0.51156 0.50647 0.50143 0.49644 0.49151 0.48662 0.48178 0.47699 0.47224 0.46754 0.46289 0.45829 0.45373 0.44922 0.44475 0.44032 0.43594 0.43161 0.42731 0.42306 0.41886 0.41469 0.41056 0.40648 0.40244 0.39843 0.39447 0.39054 0.38666 0.38281 0.379 0.37523 0.3715 0.36781
0.97045 0.96887 0.96459 0.95846 0.95123 0.94336 0.93512 0.92667 0.91811 0.90949 0.90086 0.89224 0.88365 0.8751 0.8666 0.85815 0.84977 0.84145 0.8332 0.82501 0.8169 0.80886 0.80089 0.79299 0.78516 0.77741 0.76972 0.76211 0.75457 0.74711 0.73971 0.73239 0.72513 0.71795 0.71083 0.70378 0.69681 0.6899 0.68305 0.67628 0.66957 0.66292 0.65634 0.64983 0.64338 0.63699 0.63067 0.6244 0.6182 0.61206 0.60599 0.59997 0.59401 0.58811 0.58226 0.57648 0.57075 0.56508 0.55946 0.5539 0.5484 0.54295 0.53755 0.53221 0.52692 0.52168 0.5165 0.51137 0.50628 0.50125 0.49627 0.49133 0.48645 0.48161 0.47682 0.47208 0.46739 0.46274 0.45814 0.45359 0.44908 0.44461 0.44019 0.43581 0.43148 0.42719 0.42294 0.41873 0.41457 0.41045 0.40637 0.40233 0.39832 0.39436 0.39044 0.38656 0.38271 0.37891 0.37514 0.37141 0.36771
0.96079 0.95961 0.95626 0.95123 0.945 0.93798 0.93043 0.92254 0.91444 0.90621 0.89789 0.88954 0.88118 0.87283 0.8645 0.85621 0.84796 0.83976 0.83161 0.82352 0.81549 0.80753 0.79963 0.7918 0.78403 0.77633 0.7687 0.76113 0.75364 0.74621 0.73885 0.73156 0.72434 0.71719 0.7101 0.70308 0.69613 0.68925 0.68243 0.67567 0.66898 0.66236 0.6558 0.6493 0.64287 0.6365 0.63019 0.62394 0.61775 0.61163 0.60556 0.59956 0.59361 0.58772 0.58189 0.57611 0.57039 0.56473 0.55913 0.55358 0.54808 0.54264 0.53725 0.53192 0.52663 0.5214 0.51623 0.5111 0.50602 0.501 0.49602 0.49109 0.48621 0.48138 0.4766 0.47186 0.46717 0.46253 0.45794 0.45339 0.44888 0.44442 0.44 0.43563 0.4313 0.42701 0.42277 0.41857 0.41441 0.41029 0.40621 0.40217 0.39817 0.39421 0.3903 0.38642 0.38257 0.37877 0.375 0.37128 0.36759
0.95123 0.95029 0.94757 0.94336 0.93798 0.93173 0.92487 0.91757 0.90997 0.90217 0.89422 0.88618 0.8781 0.86998 0.86186 0.85375 0.84567 0.83761 0.8296 0.82163 0.81371 0.80584 0.79803 0.79028 0.78258 0.77495 0.76739 0.75988 0.75244 0.74507 0.73776 0.73051 0.72334 0.71622 0.70917 0.70219 0.69527 0.68842 0.68163 0.6749 0.66824 0.66164 0.6551 0.64863 0.64222 0.63586 0.62958 0.62335 0.61718 0.61107 0.60502 0.59903 0.5931 0.58722 0.5814 0.57564 0.56994 0.56429 0.5587 0.55316 0.54767 0.54224 0.53686 0.53154 0.52627 0.52104 0.51587 0.51076 0.50569 0.50067 0.4957 0.49078 0.48591 0.48109 0.47631 0.47158 0.4669 0.46226 0.45767 0.45313 0.44863 0.44417 0.43976 0.43539 0.43107 0.42679 0.42255 0.41835 0.41419 0.41008 0.40601 0.40197 0.39798 0.39402 0.39011 0.38623 0.38239 0.3786 0.37483 0.37111 0.36742
0.94176 0.94099 0.93871 0.93512 0.93043 0.92487 0.91865 0.91193 0.90484 0.89748 0.88992 0.88223 0.87445 0.8666 0.85872 0.85082 0.84292 0.83504 0.82718 0.81935 0.81155 0.8038 0.7961 0.78844 0.78084 0.77329 0.7658 0.75837 0.75099 0.74368 0.73643 0.72924 0.72211 0.71504 0.70804 0.7011 0.69422 0.6874 0.68065 0.67396 0.66733 0.66076 0.65425 0.6478 0.64142 0.63509 0.62883 0.62262 0.61648 0.61039 0.60436 0.59839 0.59247 0.58662 0.58081 0.57507 0.56938 0.56375 0.55817 0.55264 0.54717 0.54175 0.53639 0.53108 0.52581 0.52061 0.51545 0.51034 0.50528 0.50027 0.49531 0.4904 0.48554 0.48072 0.47596 0.47124 0.46656 0.46193 0.45735 0.45281 0.44832 0.44387 0.43947 0.43511 0.43079 0.42651 0.42228 0.41809 0.41394 0.40983 0.40576 0.40173 0.39774 0.39379 0.38988 0.38601 0.38218 0.37838 0.37462 0.3709 0.36722
0.93239 0.93173 0.92979 0.92667 0.92254 0.91757 0.91193 0.90575 0.89915 0.89224 0.88509 0.87776 0.87029 0.86273 0.85511 0.84744 0.83976 0.83206 0.82437 0.8167 0.80905 0.80143 0.79384 0.7863 0.7788 0.77135 0.76395 0.7566 0.7493 0.74206 0.73487 0.72774 0.72068 0.71366 0.70671 0.69982 0.69299 0.68622 0.6795 0.67285 0.66626 0.65972 0.65325 0.64684 0.64048 0.63419 0.62795 0.62177 0.61565 0.60959 0.60358 0.59763 0.59174 0.5859 0.58012 0.5744 0.56873 0.56311 0.55755 0.55204 0.54658 0.54118 0.53583 0.53053 0.52528 0.52009 0.51494 0.50985 0.5048 0.4998 0.49485 0.48995 0.4851 0.4803 0.47554 0.47083 0.46616 0.46155 0.45697 0.45244 0.44796 0.44352 0.43912 0.43477 0.43046 0.42619 0.42196 0.41778 0.41363 0.40953 0.40547 0.40144 0.39746 0.39352 0.38961 0.38575 0.38192 0.37813 0.37438 0.37066 0.36698
0.92312 0.92254 0.92085 0.91811 0.91444 0.90997 0.90484 0.89915 0.89303 0.88655 0.8798 0.87283 0.8657 0.85844 0.85108 0.84366 0.8362 0.82871 0.82121 0.81371 0.80621 0.79874 0.79129 0.78387 0.77648 0.76914 0.76183 0.75457 0.74736 0.7402 0.73309 0.72604 0.71903 0.71208 0.70519 0.69836 0.69158 0.68485 0.67819 0.67158 0.66503 0.65854 0.6521 0.64573 0.63941 0.63315 0.62694 0.62079 0.6147 0.60866 0.60269 0.59676 0.59089 0.58508 0.57932 0.57362 0.56797 0.56237 0.55683 0.55134 0.54591 0.54052 0.53519 0.5299 0.52467 0.51949 0.51436 0.50928 0.50425 0.49926 0.49433 0.48944 0.4846 0.47981 0.47506 0.47036 0.46571 0.4611 0.45653 0.45201 0.44754 0.44311 0.43872 0.43438 0.43007 0.42581 0.42159 0.41742 0.41328 0.40918 0.40513 0.40111 0.39714 0.3932 0.3893 0.38544 0.38162 0.37784 0.37409 0.37038 0.36671
0.91393 0.91343 0.91193 0.90949 0.90621 0.90217 0.89748 0.89224 0.88655 0.88049 0.87412 0.86751 0.86071 0.85375 0.84668 0.83952 0.83229 0.82501 0.81771 0.81039 0.80307 0.79575 0.78844 0.78115 0.77389 0.76666 0.75947 0.75231 0.7452 0.73812 0.7311 0.72412 0.71719 0.71031 0.70348 0.69671 0.68999 0.68332 0.67671 0.67015 0.66365 0.6572 0.65081 0.64448 0.6382 0.63197 0.6258 0.61969 0.61363 0.60763 0.60168 0.59578 0.58994 0.58416 0.57842 0.57274 0.56712 0.56155 0.55603 0.55056 0.54514 0.53977 0.53446 0.5292 0.52398 0.51882 0.5137 0.50864 0.50362 0.49865 0.49373 0.48886 0.48403 0.47925 0.47452 0.46983 0.46519 0.46059 0.45604 0.45153 0.44707 0.44265 0.43827 0.43393 0.42964 0.42539 0.42118 0.41701 0.41288 0.4088 0.40475 0.40074 0.39677 0.39284 0.38895 0.3851 0.38128 0.37751 0.37377 0.37006 0.3664
0.90484 0.90439 0.90305 0.90086 0.89789 0.89422 0.88992 0.88509 0.8798 0.87412 0.86812 0.86186 0.85538 0.84873 0.84194 0.83504 0.82805 0.821 0.8139 0.80678 0.79963 0.79248 0.78532 0.77818 0.77105 0.76395 0.75687 0.74982 0.74281 0.73583 0.72889 0.722 0.71515 0.70835 0.70159 0.69489 0.68823 0.68163 0.67507 0.66857 0.66212 0.65572 0.64938 0.64309 0.63685 0.63067 0.62454 0.61846 0.61244 0.60647 0.60055 0.59469 0.58888 0.58313 0.57742 0.57177 0.56617 0.56062 0.55513 0.54968 0.54429 0.53894 0.53365 0.52841 0.52321 0.51807 0.51297 0.50792 0.50293 0.49797 0.49307 0.48821 0.4834 0.47863 0.47392 0.46924 0.46461 0.46003 0.45549 0.45099 0.44654 0.44213 0.43776 0.43344 0.42916 0.42492 0.42072 0.41656 0.41244 0.40836 0.40432 0.40033 0.39637 0.39244 0.38856 0.38472 0.38091 0.37714 0.37341 0.36971 0.36605
0.89583 0.89543 0.89422 0.89224 0.88954 0.88618 0.88223 0.87776 0.87283 0.86751 0.86186 0.85593 0.84977 0.84342 0.8369 0.83026 0.82352 0.8167 0.80981 0.80288 0.79592 0.78894 0.78195 0.77495 0.76797 0.76099 0.75404 0.74711 0.7402 0.73333 0.72649 0.71969 0.71293 0.7062 0.69953 0.69289 0.68631 0.67977 0.67328 0.66683 0.66044 0.6541 0.6478 0.64156 0.63537 0.62924 0.62315 0.61711 0.61113 0.6052 0.59932 0.59349 0.58772 0.58199 0.57632 0.5707 0.56513 0.55961 0.55414 0.54872 0.54335 0.53803 0.53276 0.52754 0.52237 0.51724 0.51217 0.50714 0.50216 0.49722 0.49234 0.4875 0.4827 0.47795 0.47325 0.46859 0.46398 0.45941 0.45488 0.4504 0.44596 0.44156 0.43721 0.4329 0.42863 0.4244 0.42021 0.41606 0.41195 0.40788 0.40386 0.39987 0.39592 0.392 0.38813 0.38429 0.3805 0.37673 0.37301 0.36932 0.36567
0.88692 0.88655 0.88545 0.88365 0.88118 0.8781 0.87445 0.87029 0.8657 0.86071 0.85538 0.84977 0.84391 0.83785 0.83161 0.82523 0.81873 0.81214 0.80547 0.79874 0.79197 0.78516 0.77833 0.7715 0.76466 0.75782 0.75099 0.74418 0.7374 0.73063 0.72389 0.71719 0.71052 0.70388 0.69729 0.69073 0.68422 0.67775 0.67133 0.66495 0.65862 0.65233 0.6461 0.63991 0.63377 0.62768 0.62164 0.61565 0.60971 0.60382 0.59798 0.59219 0.58645 0.58076 0.57512 0.56953 0.56399 0.5585 0.55306 0.54767 0.54233 0.53704 0.53179 0.52659 0.52144 0.51634 0.51129 0.50628 0.50132 0.49641 0.49154 0.48672 0.48194 0.47721 0.47252 0.46788 0.46328 0.45873 0.45422 0.44975 0.44533 0.44094 0.4366 0.4323 0.42804 0.42383 0.41965 0.41551 0.41142 0.40736 0.40334 0.39937 0.39543 0.39152 0.38766 0.38383 0.38004 0.37629 0.37257 0.36889 0.36525
0.8781 0.87776 0.87675 0.8751 0.87283 0.86998 0.8666 0.86273 0.85844 0.85375 0.84873 0.84342 0.83785 0.83206 0.82609 0.81996 0.81371 0.80734 0.80089 0.79436 0.78778 0.78115 0.7745 0.76782 0.76113 0.75444 0.74775 0.74107 0.7344 0.72774 0.72112 0.71451 0.70794 0.7014 0.69489 0.68842 0.68198 0.67559 0.66923 0.66292 0.65666 0.65043 0.64426 0.63812 0.63204 0.626 0.62001 0.61407 0.60817 0.60233 0.59653 0.59078 0.58508 0.57943 0.57383 0.56827 0.56277 0.55731 0.5519 0.54654 0.54122 0.53596 0.53074 0.52557 0.52045 0.51537 0.51034 0.50535 0.50042 0.49552 0.49068 0.48588 0.48112 0.47641 0.47174 0.46711 0.46253 0.458 0.4535 0.44905 0.44464 0.44027 0.43594 0.43166 0.42741 0.42321 0.41905 0.41492 0.41084 0.4068 0.40279 0.39882 0.39489 0.391 0.38715 0.38333 0.37955 0.37581 0.3721 0.36843 0.3648
0.86936 0.86905 0.86812 0.8666 0.8645 0.86186 0.85872 0.85511 0.85108 0.84668 0.84194 0.8369 0.83161 0.82609 0.82038 0.8145 0.80848 0.80234 0.7961 0.78977 0.78338 0.77694 0.77046 0.76395 0.75741 0.75086 0.74431 0.73776 0.73121 0.72468 0.71816 0.71167 0.70519 0.69875 0.69233 0.68594 0.67959 0.67328 0.667 0.66076 0.65456 0.6484 0.64229 0.63622 0.63019 0.62421 0.61827 0.61238 0.60653 0.60073 0.59498 0.58927 0.58361 0.578 0.57244 0.56692 0.56145 0.55603 0.55065 0.54532 0.54004 0.5348 0.52961 0.52447 0.51937 0.51432 0.50932 0.50436 0.49944 0.49457 0.48975 0.48497 0.48023 0.47554 0.47089 0.46629 0.46172 0.4572 0.45273 0.44829 0.4439 0.43955 0.43524 0.43097 0.42674 0.42255 0.4184 0.41429 0.41022 0.40619 0.40219 0.39824 0.39432 0.39044 0.3866 0.38279 0.37902 0.37529 0.3716 0.36793 0.36431
0.86071 0.86042 0.85957 0.85815 0.85621 0.85375 0.85082 0.84744 0.84366 0.83952 0.83504 0.83026 0.82523 0.81996 0.8145 0.80886 0.80307 0.79715 0.79112 0.785 0.7788 0.77254 0.76623 0.75988 0.75351 0.74711 0.74069 0.73428 0.72786 0.72145 0.71504 0.70866 0.70229 0.69594 0.68962 0.68332 0.67706 0.67082 0.66462 0.65846 0.65233 0.64624 0.6402 0.63419 0.62822 0.62229 0.61641 0.61057 0.60478 0.59903 0.59332 0.58766 0.58205 0.57648 0.57095 0.56548 0.56004 0.55466 0.54932 0.54402 0.53877 0.53357 0.52841 0.52329 0.51823 0.5132 0.50823 0.50329 0.4984 0.49356 0.48876 0.484 0.47929 0.47461 0.46999 0.4654 0.46086 0.45636 0.4519 0.44748 0.44311 0.43877 0.43448 0.43023 0.42601 0.42184 0.4177 0.41361 0.40955 0.40553 0.40155 0.39761 0.39371 0.38984 0.38601 0.38222 0.37846 0.37474 0.37105 0.3674 0.36379
0.85214 0.85188 0.85108 0.84977 0.84796 0.84567 0.84292 0.83976 0.8362 0.83229 0.82805 0.82352 0.81873 0.81371 0.80848 0.80307 0.7975 0.7918 0.78597 0.78005 0.77405 0.76797 0.76183 0.75565 0.74943 0.74318 0.73691 0.73063 0.72434 0.71805 0.71177 0.7055 0.69923 0.69299 0.68676 0.68056 0.67438 0.66824 0.66212 0.65603 0.64998 0.64396 0.63798 0.63204 0.62614 0.62027 0.61445 0.60866 0.60292 0.59723 0.59157 0.58596 0.58039 0.57486 0.56938 0.56394 0.55855 0.5532 0.5479 0.54264 0.53742 0.53225 0.52713 0.52205 0.51701 0.51201 0.50706 0.50216 0.4973 0.49248 0.4877 0.48297 0.47828 0.47363 0.46902 0.46446 0.45994 0.45546 0.45102 0.44662 0.44227 0.43795 0.43367 0.42944 0.42524 0.42108 0.41696 0.41288 0.40884 0.40484 0.40087 0.39694 0.39305 0.3892 0.38538 0.3816 0.37786 0.37415 0.37047 0.36683 0.36323
0.84366 0.84342 0.84268 0.84145 0.83976 0.83761 0.83504 0.83206 0.82871 0.82501 0.821 0.8167 0.81214 0.80734 0.80234 0.79715 0.7918 0.7863 0.78068 0.77495 0.76914 0.76324 0.75728 0.75126 0.7452 0.7391 0.73297 0.72683 0.72068 0.71451 0.70835 0.70219 0.69604 0.6899 0.68377 0.67767 0.67158 0.66552 0.65949 0.65348 0.64751 0.64156 0.63565 0.62978 0.62394 0.61814 0.61238 0.60665 0.60097 0.59532 0.58972 0.58416 0.57864 0.57316 0.56772 0.56233 0.55697 0.55167 0.5464 0.54118 0.536 0.53087 0.52577 0.52072 0.51572 0.51076 0.50584 0.50096 0.49612 0.49133 0.48658 0.48188 0.47721 0.47259 0.46801 0.46346 0.45897 0.45451 0.45009 0.44571 0.44137 0.43708 0.43282 0.4286 0.42442 0.42028 0.41618 0.41211 0.40809 0.4041 0.40015 0.39624 0.39236 0.38852 0.38472 0.38095 0.37722 0.37352 0.36986 0.36623 0.36264
0.83527 0.83504 0.83435 0.8332 0.83161 0.8296 0.82718 0.82437 0.82121 0.81771 0.8139 0.80981 0.80547 0.80089 0.7961 0.79112 0.78597 0.78068 0.77526 0.76972 0.76409 0.75837 0.75258 0.74672 0.74082 0.73487 0.72889 0.72289 0.71687 0.71083 0.70479 0.69875 0.6927 0.68667 0.68065 0.67464 0.66865 0.66268 0.65673 0.65081 0.64492 0.63905 0.63321 0.62741 0.62164 0.6159 0.6102 0.60454 0.59891 0.59332 0.58777 0.58226 0.57679 0.57136 0.56597 0.56062 0.55532 0.55005 0.54483 0.53964 0.5345 0.5294 0.52435 0.51933 0.51436 0.50943 0.50454 0.49969 0.49489 0.49013 0.4854 0.48072 0.47608 0.47149 0.46693 0.46241 0.45794 0.4535 0.4491 0.44475 0.44043 0.43615 0.43192 0.42772 0.42356 0.41943 0.41535 0.4113 0.40729 0.40332 0.39939 0.39549 0.39163 0.3878 0.38401 0.38026 0.37654 0.37286 0.36921 0.36559 0.36201
0.82696 0.82674 0.82609 0.82501 0.82352 0.82163 0.81935 0.8167 0.81371 0.81039 0.80678 0.80288 0.79874 0.79436 0.78977 0.785 0.78005 0.77495 0.76972 0.76437 0.75892 0.75337 0.74775 0.74206 0.73631 0.73051 0.72468 0.71881 0.71293 0.70702 0.7011 0.69517 0.68925 0.68332 0.6774 0.6715 0.6656 0.65972 0.65387 0.64803 0.64222 0.63643 0.63067 0.62494 0.61924 0.61357 0.60793 0.60233 0.59676 0.59123 0.58574 0.58028 0.57486 0.56948 0.56414 0.55884 0.55358 0.54835 0.54317 0.53803 0.53293 0.52787 0.52285 0.51787 0.51293 0.50804 0.50318 0.49837 0.49359 0.48886 0.48417 0.47951 0.4749 0.47033 0.4658 0.46131 0.45685 0.45244 0.44807 0.44374 0.43944 0.43518 0.43097 0.42679 0.42265 0.41854 0.41448 0.41045 0.40646 0.4025 0.39858 0.3947 0.39086 0.38705 0.38327 0.37953 0.37583 0.37216 0.36852 0.36492 0.36136
0.81873 0.81853 0.81791 0.8169 0.81549 0.81371 0.81155 0.80905 0.80621 0.80307 0.79963 0.79592 0.79197 0.78778 0.78338 0.7788 0.77405 0.76914 0.76409 0.75892 0.75364 0.74826 0.74281 0.73727 0.73168 0.72604 0.72035 0.71462 0.70886 0.70308 0.69729 0.69148 0.68567 0.67986 0.67404 0.66824 0.66244 0.65666 0.65089 0.64514 0.63941 0.6337 0.62802 0.62236 0.61673 0.61113 0.60556 0.60003 0.59452 0.58905 0.58361 0.57821 0.57285 0.56752 0.56223 0.55697 0.55176 0.54658 0.54144 0.53635 0.53129 0.52627 0.52128 0.51634 0.51144 0.50658 0.50176 0.49698 0.49223 0.48753 0.48287 0.47825 0.47366 0.46912 0.46461 0.46015 0.45572 0.45133 0.44698 0.44267 0.4384 0.43417 0.42997 0.42581 0.42169 0.41761 0.41356 0.40955 0.40558 0.40164 0.39774 0.39388 0.39005 0.38625 0.38249 0.37877 0.37508 0.37143 0.36781 0.36422 0.36067
0.81058 0.81039 0.80981 0.80886 0.80753 0.80584 0.8038 0.80143 0.79874 0.79575 0.79248 0.78894 0.78516 0.78115 0.77694 0.77254 0.76797 0.76324 0.75837 0.75337 0.74826 0.74306 0.73776 0.73239 0.72695 0.72145 0.7159 0.71031 0.70469 0.69904 0.69337 0.68768 0.68198 0.67628 0.67057 0.66487 0.65917 0.65348 0.6478 0.64214 0.6365 0.63087 0.62527 0.61969 0.61413 0.6086 0.6031 0.59763 0.59219 0.58678 0.5814 0.57606 0.57075 0.56548 0.56024 0.55503 0.54987 0.54474 0.53964 0.53459 0.52957 0.52459 0.51965 0.51475 0.50988 0.50506 0.50027 0.49552 0.49081 0.48614 0.48151 0.47692 0.47237 0.46785 0.46337 0.45894 0.45454 0.45017 0.44585 0.44156 0.43731 0.4331 0.42893 0.42479 0.42069 0.41663 0.4126 0.40861 0.40466 0.40074 0.39686 0.39301 0.3892 0.38542 0.38168 0.37797 0.3743 0.37066 0.36705 0.36348 0.35994
0.80252 0.80234 0.80179 0.80089 0.79963 0.79803 0.7961 0.79384 0.79129 0.78844 0.78532 0.78195 0.77833 0.7745 0.77046 0.76623 0.76183 0.75728 0.75258 0.74775 0.74281 0.73776 0.73262 0.7274 0.72211 0.71676 0.71135 0.7059 0.70041 0.69489 0.68934 0.68377 0.67819 0.6726 0.667 0.6614 0.6558 0.65021 0.64462 0.63905 0.63349 0.62795 0.62243 0.61692 0.61144 0.60599 0.60055 0.59515 0.58977 0.58443 0.57911 0.57383 0.56857 0.56335 0.55817 0.55302 0.5479 0.54282 0.53777 0.53276 0.52779 0.52285 0.51795 0.51309 0.50826 0.50347 0.49872 0.49401 0.48934 0.4847 0.4801 0.47554 0.47102 0.46653 0.46208 0.45767 0.4533 0.44896 0.44467 0.4404 0.43618 0.43199 0.42784 0.42373 0.41965 0.41561 0.4116 0.40763 0.4037 0.3998 0.39594 0.39211 0.38831 0.38456 0.38083 0.37714 0.37348 0.36986 0.36627 0.36271 0.35919
0.79453 0.79436 0.79384 0.79299 0.7918 0.79028 0.78844 0.7863 0.78387 0.78115 0.77818 0.77495 0.7715 0.76782 0.76395 0.75988 0.75565 0.75126 0.74672 0.74206 0.73727 0.73239 0.7274 0.72233 0.71719 0.71198 0.70671 0.7014 0.69604 0.69064 0.68522 0.67977 0.6743 0.66882 0.66333 0.65783 0.65233 0.64684 0.64135 0.63586 0.63039 0.62494 0.61949 0.61407 0.60866 0.60328 0.59792 0.59259 0.58728 0.58199 0.57674 0.57152 0.56632 0.56116 0.55603 0.55093 0.54586 0.54083 0.53583 0.53087 0.52594 0.52104 0.51619 0.51137 0.50658 0.50183 0.49712 0.49244 0.4878 0.4832 0.47863 0.47411 0.46961 0.46516 0.46074 0.45636 0.45201 0.44771 0.44344 0.4392 0.435 0.43084 0.42671 0.42262 0.41857 0.41455 0.41056 0.40661 0.4027 0.39882 0.39498 0.39117 0.38739 0.38365 0.37994 0.37627 0.37263 0.36902 0.36545 0.36191 0.3584
0.78663 0.78646 0.78597 0.78516 0.78403 0.78258 0.78084 0.7788 0.77648 0.77389 0.77105 0.76797 0.76466 0.76113 0.75741 0.75351 0.74943 0.7452 0.74082 0.73631 0.73168 0.72695 0.72211 0.71719 0.71219 0.70712 0.70199 0.69681 0.69158 0.68631 0.681 0.67567 0.67032 0.66495 0.65957 0.65417 0.64878 0.64338 0.63798 0.63259 0.62721 0.62184 0.61648 0.61113 0.6058 0.6005 0.59521 0.58994 0.5847 0.57948 0.57429 0.56913 0.56399 0.55889 0.55381 0.54877 0.54375 0.53877 0.53382 0.52891 0.52402 0.51917 0.51436 0.50958 0.50484 0.50013 0.49545 0.49081 0.48621 0.48165 0.47711 0.47262 0.46816 0.46374 0.45935 0.455 0.45068 0.4464 0.44216 0.43795 0.43378 0.42964 0.42554 0.42147 0.41744 0.41344 0.40948 0.40556 0.40166 0.39781 0.39398 0.39019 0.38644 0.38271 0.37902 0.37537 0.37175 0.36816 0.3646 0.36107 0.35758
0.7788 0.77865 0.77818 0.77741 0.77633 0.77495 0.77329 0.77135 0.76914 0.76666 0.76395 0.76099 0.75782 0.75444 0.75086 0.74711 0.74318 0.7391 0.73487 0.73051 0.72604 0.72145 0.71676 0.71198 0.70712 0.70219 0.69719 0.69214 0.68704 0.68189 0.67671 0.6715 0.66626 0.661 0.65572 0.65043 0.64514 0.63984 0.63454 0.62924 0.62394 0.61865 0.61338 0.60811 0.60286 0.59763 0.59242 0.58722 0.58205 0.5769 0.57177 0.56667 0.56159 0.55655 0.55153 0.54654 0.54158 0.53665 0.53175 0.52688 0.52205 0.51724 0.51247 0.50774 0.50304 0.49837 0.49373 0.48913 0.48457 0.48004 0.47554 0.47108 0.46665 0.46226 0.45791 0.45359 0.4493 0.44505 0.44083 0.43665 0.43251 0.4284 0.42432 0.42028 0.41627 0.4123 0.40836 0.40446 0.40059 0.39675 0.39295 0.38918 0.38544 0.38174 0.37807 0.37443 0.37083 0.36726 0.36371 0.36021 0.35673
0.77105 0.7709 0.77046 0.76972 0.7687 0.76739 0.7658 0.76395 0.76183 0.75947 0.75687 0.75404 0.75099 0.74775 0.74431 0.74069 0.73691 0.73297 0.72889 0.72468 0.72035 0.7159 0.71135 0.70671 0.70199 0.69719 0.69233 0.6874 0.68243 0.6774 0.67234 0.66724 0.66212 0.65697 0.6518 0.64661 0.64142 0.63622 0.63101 0.6258 0.6206 0.6154 0.6102 0.60502 0.59985 0.59469 0.58955 0.58443 0.57932 0.57424 0.56918 0.56414 0.55913 0.55414 0.54918 0.54424 0.53934 0.53446 0.52961 0.52479 0.52001 0.51525 0.51053 0.50584 0.50118 0.49655 0.49196 0.4874 0.48287 0.47838 0.47392 0.46949 0.4651 0.46074 0.45642 0.45213 0.44787 0.44365 0.43947 0.43532 0.4312 0.42711 0.42306 0.41905 0.41507 0.41112 0.4072 0.40332 0.39947 0.39566 0.39188 0.38813 0.38441 0.38073 0.37708 0.37346 0.36988 0.36632 0.3628 0.35931 0.35585
0.76338 0.76324 0.76282 0.76211 0.76113 0.75988 0.75837 0.7566 0.75457 0.75231 0.74982 0.74711 0.74418 0.74107 0.73776 0.73428 0.73063 0.72683 0.72289 0.71881 0.71462 0.71031 0.7059 0.7014 0.69681 0.69214 0.6874 0.68261 0.67775 0.67285 0.66791 0.66292 0.65791 0.65287 0.6478 0.64272 0.63763 0.63252 0.62741 0.62229 0.61718 0.61206 0.60696 0.60185 0.59676 0.59168 0.58662 0.58156 0.57653 0.57152 0.56652 0.56155 0.55659 0.55167 0.54676 0.54189 0.53704 0.53221 0.52742 0.52265 0.51791 0.5132 0.50853 0.50388 0.49926 0.49468 0.49013 0.48561 0.48112 0.47666 0.47224 0.46785 0.46349 0.45917 0.45488 0.45062 0.4464 0.44221 0.43806 0.43393 0.42984 0.42579 0.42176 0.41778 0.41382 0.4099 0.40601 0.40215 0.39832 0.39453 0.39077 0.38705 0.38335 0.37969 0.37606 0.37246 0.36889 0.36536 0.36185 0.35838 0.35494
0.75578 0.75565 0.75524 0.75457 0.75364 0.75244 0.75099 0.7493 0.74736 0.7452 0.74281 0.7402 0.7374 0.7344 0.73121 0.72786 0.72434 0.72068 0.71687 0.71293 0.70886 0.70469 0.70041 0.69604 0.69158 0.68704 0.68243 0.67775 0.67302 0.66824 0.66341 0.65854 0.65364 0.6487 0.64374 0.63876 0.63377 0.62876 0.62374 0.61872 0.61369 0.60866 0.60364 0.59862 0.59361 0.5886 0.58361 0.57864 0.57367 0.56873 0.5638 0.55889 0.554 0.54913 0.54429 0.53947 0.53467 0.5299 0.52516 0.52045 0.51576 0.5111 0.50647 0.50187 0.4973 0.49276 0.48825 0.48377 0.47932 0.4749 0.47052 0.46616 0.46184 0.45756 0.4533 0.44908 0.44489 0.44073 0.4366 0.43251 0.42845 0.42442 0.42043 0.41646 0.41253 0.40864 0.40477 0.40094 0.39714 0.39337 0.38963 0.38593 0.38226 0.37861 0.375 0.37143 0.36788 0.36436 0.36088 0.35742 0.354
0.74826 0.74813 0.74775 0.74711 0.74621 0.74507 0.74368 0.74206 0.7402 0.73812 0.73583 0.73333 0.73063 0.72774 0.72468 0.72145 0.71805 0.71451 0.71083 0.70702 0.70308 0.69904 0.69489 0.69064 0.68631 0.68189 0.6774 0.67285 0.66824 0.66357 0.65885 0.6541 0.6493 0.64448 0.63962 0.63474 0.62985 0.62494 0.62001 0.61508 0.61014 0.6052 0.60026 0.59532 0.59039 0.58546 0.58055 0.57564 0.57075 0.56587 0.56101 0.55617 0.55134 0.54654 0.54175 0.53699 0.53225 0.52754 0.52285 0.51819 0.51355 0.50894 0.50436 0.4998 0.49528 0.49078 0.48631 0.48188 0.47747 0.47309 0.46875 0.46443 0.46015 0.45589 0.45167 0.44748 0.44333 0.4392 0.43511 0.43104 0.42701 0.42301 0.41905 0.41511 0.41121 0.40734 0.4035 0.39969 0.39592 0.39217 0.38846 0.38478 0.38113 0.37751 0.37392 0.37036 0.36683 0.36334 0.35987 0.35644 0.35303
0.74082 0.74069 0.74033 0.73971 0.73885 0.73776 0.73643 0.73487 0.73309 0.7311 0.72889 0.72649 0.72389 0.72112 0.71816 0.71504 0.71177 0.70835 0.70479 0.7011 0.69729 0.69337 0.68934 0.68522 0.681 0.67671 0.67234 0.66791 0.66341 0.65885 0.65425 0.6496 0.64492 0.6402 0.63544 0.63067 0.62587 0.62105 0.61622 0.61138 0.60653 0.60168 0.59682 0.59196 0.58711 0.58226 0.57742 0.57259 0.56777 0.56296 0.55817 0.55339 0.54863 0.54389 0.53916 0.53446 0.52978 0.52512 0.52049 0.51587 0.51129 0.50673 0.50219 0.49769 0.49321 0.48876 0.48433 0.47994 0.47557 0.47124 0.46693 0.46265 0.45841 0.45419 0.45 0.44585 0.44172 0.43763 0.43357 0.42954 0.42554 0.42157 0.41763 0.41373 0.40985 0.40601 0.40219 0.39841 0.39466 0.39094 0.38725 0.38359 0.37996 0.37637 0.3728 0.36926 0.36576 0.36228 0.35884 0.35542 0.35203
0.73345 0.73333 0.73297 0.73239 0.73156 0.73051 0.72924 0.72774 0.72604 0.72412 0.722 0.71969 0.71719 0.71451 0.71167 0.70866 0.7055 0.70219 0.69875 0.69517 0.69148 0.68768 0.68377 0.67977 0.67567 0.6715 0.66724 0.66292 0.65854 0.6541 0.6496 0.64506 0.64048 0.63586 0.63122 0.62654 0.62184 0.61711 0.61238 0.60763 0.60286 0.5981 0.59332 0.58855 0.58378 0.57901 0.57424 0.56948 0.56473 0.55999 0.55527 0.55056 0.54586 0.54118 0.53652 0.53187 0.52725 0.52265 0.51807 0.51351 0.50898 0.50447 0.49998 0.49552 0.49109 0.48668 0.48231 0.47795 0.47363 0.46933 0.46507 0.46083 0.45662 0.45244 0.44829 0.44417 0.44008 0.43602 0.43199 0.42799 0.42403 0.42009 0.41618 0.4123 0.40845 0.40464 0.40085 0.39709 0.39337 0.38967 0.38601 0.38238 0.37877 0.3752 0.37165 0.36814 0.36465 0.3612 0.35777 0.35437 0.35101
0.72615 0.72604 0.7257 0.72513 0.72434 0.72334 0.72211 0.72068 0.71903 0.71719 0.71515 0.71293 0.71052 0.70794 0.70519 0.70229 0.69923 0.69604 0.6927 0.68925 0.68567 0.68198 0.67819 0.6743 0.67032 0.66626 0.66212 0.65791 0.65364 0.6493 0.64492 0.64048 0.63601 0.63149 0.62694 0.62236 0.61775 0.61313 0.60848 0.60382 0.59915 0.59446 0.58977 0.58508 0.58039 0.57569 0.57101 0.56632 0.56164 0.55697 0.55232 0.54767 0.54304 0.53842 0.53382 0.52924 0.52467 0.52013 0.5156 0.5111 0.50662 0.50216 0.49772 0.49331 0.48893 0.48457 0.48023 0.47592 0.47164 0.46739 0.46316 0.45897 0.45479 0.45065 0.44654 0.44246 0.4384 0.43438 0.43038 0.42641 0.42247 0.41857 0.41469 0.41084 0.40702 0.40323 0.39947 0.39575 0.39205 0.38838 0.38474 0.38113 0.37755 0.37399 0.37047 0.36698 0.36352 0.36008 0.35668 0.3533 0.34995
0.71892 0.71881 0.71849 0.71795 0.71719 0.71622 0.71504 0.71366 0.71208 0.71031 0.70835 0.7062 0.70388 0.7014 0.69875 0.69594 0.69299 0.6899 0.68667 0.68332 0.67986 0.67628 0.6726 0.66882 0.66495 0.661 0.65697 0.65287 0.6487 0.64448 0.6402 0.63586 0.63149 0.62707 0.62262 0.61814 0.61363 0.60909 0.60454 0.59997 0.59538 0.59078 0.58618 0.58156 0.57695 0.57233 0.56772 0.56311 0.5585 0.5539 0.54932 0.54474 0.54017 0.53562 0.53108 0.52655 0.52205 0.51756 0.51309 0.50864 0.50421 0.4998 0.49542 0.49106 0.48672 0.4824 0.47812 0.47385 0.46961 0.4654 0.46122 0.45706 0.45293 0.44882 0.44475 0.4407 0.43668 0.43269 0.42873 0.42479 0.42089 0.41701 0.41316 0.40935 0.40556 0.4018 0.39806 0.39436 0.39069 0.38705 0.38343 0.37985 0.37629 0.37276 0.36926 0.36579 0.36235 0.35894 0.35556 0.3522 0.34887
0.71177 0.71167 0.71135 0.71083 0.7101 0.70917 0.70804 0.70671 0.70519 0.70348 0.70159 0.69953 0.69729 0.69489 0.69233 0.68962 0.68676 0.68377 0.68065 0.6774 0.67404 0.67057 0.667 0.66333 0.65957 0.65572 0.6518 0.6478 0.64374 0.63962 0.63544 0.63122 0.62694 0.62262 0.61827 0.61388 0.60946 0.60502 0.60055 0.59607 0.59157 0.58706 0.58253 0.578 0.57347 0.56893 0.56439 0.55985 0.55532 0.55079 0.54627 0.54175 0.53725 0.53276 0.52828 0.52382 0.51937 0.51494 0.51053 0.50613 0.50176 0.4974 0.49307 0.48876 0.48447 0.4802 0.47596 0.47174 0.46754 0.46337 0.45923 0.45511 0.45102 0.44696 0.44292 0.43891 0.43492 0.43097 0.42704 0.42314 0.41926 0.41542 0.4116 0.40782 0.40406 0.40033 0.39662 0.39295 0.3893 0.38569 0.3821 0.37854 0.375 0.3715 0.36803 0.36458 0.36116 0.35777 0.35441 0.35107 0.34777
0.70469 0.70459 0.70429 0.70378 0.70308 0.70219 0.7011 0.69982 0.69836 0.69671 0.69489 0.69289 0.69073 0.68842 0.68594 0.68332 0.68056 0.67767 0.67464 0.6715 0.66824 0.66487 0.6614 0.65783 0.65417 0.65043 0.64661 0.64272 0.63876 0.63474 0.63067 0.62654 0.62236 0.61814 0.61388 0.60959 0.60526 0.60091 0.59653 0.59213 0.58772 0.58329 0.57885 0.5744 0.56994 0.56548 0.56101 0.55655 0.55208 0.54763 0.54317 0.53873 0.53429 0.52986 0.52545 0.52104 0.51666 0.51228 0.50792 0.50358 0.49926 0.49496 0.49068 0.48641 0.48217 0.47795 0.47376 0.46958 0.46543 0.46131 0.4572 0.45313 0.44908 0.44505 0.44105 0.43708 0.43313 0.42921 0.42531 0.42145 0.41761 0.4138 0.41001 0.40625 0.40252 0.39882 0.39515 0.3915 0.38788 0.38429 0.38073 0.3772 0.37369 0.37021 0.36676 0.36334 0.35994 0.35657 0.35323 0.34992 0.34664
0.69768 0.69758 0.69729 0.69681 0.69613 0.69527 0.69422 0.69299 0.69158 0.68999 0.68823 0.68631 0.68422 0.68198 0.67959 0.67706 0.67438 0.67158 0.66865 0.6656 0.66244 0.65917 0.6558 0.65233 0.64878 0.64514 0.64142 0.63763 0.63377 0.62985 0.62587 0.62184 0.61775 0.61363 0.60946 0.60526 0.60103 0.59676 0.59247 0.58816 0.58383 0.57948 0.57512 0.57075 0.56637 0.56198 0.55759 0.5532 0.54881 0.54442 0.54004 0.53566 0.53129 0.52692 0.52257 0.51823 0.5139 0.50958 0.50528 0.501 0.49673 0.49248 0.48825 0.48403 0.47984 0.47567 0.47152 0.46739 0.46328 0.4592 0.45514 0.45111 0.44709 0.44311 0.43915 0.43521 0.4313 0.42741 0.42356 0.41972 0.41592 0.41214 0.40839 0.40466 0.40096 0.39729 0.39364 0.39003 0.38644 0.38287 0.37934 0.37583 0.37235 0.36889 0.36547 0.36207 0.3587 0.35535 0.35203 0.34874 0.34548
0.69073 0.69064 0.69036 0.6899 0.68925 0.68842 0.6874 0.68622 0.68485 0.68332 0.68163 0.67977 0.67775 0.67559 0.67328 0.67082 0.66824 0.66552 0.66268 0.65972 0.65666 0.65348 0.65021 0.64684 0.64338 0.63984 0.63622 0.63252 0.62876 0.62494 0.62105 0.61711 0.61313 0.60909 0.60502 0.60091 0.59676 0.59259 0.58838 0.58416 0.57991 0.57564 0.57136 0.56707 0.56277 0.55846 0.55414 0.54982 0.5455 0.54118 0.53686 0.53255 0.52824 0.52394 0.51965 0.51537 0.5111 0.50684 0.5026 0.49837 0.49415 0.48995 0.48577 0.48161 0.47747 0.47335 0.46924 0.46516 0.4611 0.45706 0.45304 0.44905 0.44508 0.44113 0.43721 0.43331 0.42944 0.42559 0.42176 0.41797 0.41419 0.41045 0.40673 0.40303 0.39937 0.39572 0.39211 0.38852 0.38496 0.38142 0.37791 0.37443 0.37098 0.36755 0.36415 0.36077 0.35742 0.3541 0.35081 0.34754 0.3443
0.68386 0.68377 0.6835 0.68305 0.68243 0.68163 0.68065 0.6795 0.67819 0.67671 0.67507 0.67328 0.67133 0.66923 0.667 0.66462 0.66212 0.65949 0.65673 0.65387 0.65089 0.6478 0.64462 0.64135 0.63798 0.63454 0.63101 0.62741 0.62374 0.62001 0.61622 0.61238 0.60848 0.60454 0.60055 0.59653 0.59247 0.58838 0.58426 0.58012 0.57596 0.57177 0.56757 0.56335 0.55913 0.55489 0.55065 0.5464 0.54215 0.5379 0.53365 0.5294 0.52516 0.52092 0.51669 0.51247 0.50826 0.50406 0.49987 0.4957 0.49154 0.4874 0.48327 0.47916 0.47506 0.47099 0.46693 0.46289 0.45888 0.45488 0.45091 0.44696 0.44303 0.43912 0.43524 0.43138 0.42754 0.42373 0.41994 0.41618 0.41244 0.40873 0.40504 0.40138 0.39774 0.39413 0.39054 0.38699 0.38345 0.37994 0.37646 0.37301 0.36958 0.36618 0.3628 0.35945 0.35613 0.35283 0.34955 0.34631 0.34309
0.67706 0.67697 0.67671 0.67628 0.67567 0.6749 0.67396 0.67285 0.67158 0.67015 0.66857 0.66683 0.66495 0.66292 0.66076 0.65846 0.65603 0.65348 0.65081 0.64803 0.64514 0.64214 0.63905 0.63586 0.63259 0.62924 0.6258 0.62229 0.61872 0.61508 0.61138 0.60763 0.60382 0.59997 0.59607 0.59213 0.58816 0.58416 0.58012 0.57606 0.57198 0.56787 0.56375 0.55961 0.55546 0.5513 0.54713 0.54295 0.53877 0.53459 0.53041 0.52622 0.52205 0.51787 0.5137 0.50954 0.50539 0.50125 0.49712 0.493 0.48889 0.4848 0.48072 0.47666 0.47262 0.46859 0.46458 0.46059 0.45662 0.45267 0.44874 0.44483 0.44094 0.43708 0.43323 0.42941 0.42561 0.42184 0.41809 0.41436 0.41066 0.40698 0.40332 0.39969 0.39609 0.39251 0.38895 0.38542 0.38192 0.37844 0.37499 0.37156 0.36816 0.36478 0.36143 0.3581 0.3548 0.35153 0.34828 0.34506 0.34186
0.67032 0.67024 0.66999 0.66957 0.66898 0.66824 0.66733 0.66626 0.66503 0.66365 0.66212 0.66044 0.65862 0.65666 0.65456 0.65233 0.64998 0.64751 0.64492 0.64222 0.63941 0.6365 0.63349 0.63039 0.62721 0.62394 0.6206 0.61718 0.61369 0.61014 0.60653 0.60286 0.59915 0.59538 0.59157 0.58772 0.58383 0.57991 0.57596 0.57198 0.56797 0.56394 0.5599 0.55584 0.55176 0.54767 0.54357 0.53947 0.53536 0.53124 0.52713 0.52301 0.5189 0.51479 0.51068 0.50658 0.50249 0.4984 0.49433 0.49026 0.48621 0.48217 0.47815 0.47414 0.47014 0.46616 0.4622 0.45826 0.45433 0.45043 0.44654 0.44267 0.43883 0.435 0.4312 0.42741 0.42365 0.41992 0.4162 0.41251 0.40884 0.4052 0.40158 0.39798 0.39441 0.39086 0.38733 0.38383 0.38036 0.37691 0.37348 0.37008 0.36671 0.36336 0.36003 0.35673 0.35345 0.3502 0.34698 0.34378 0.3406
0.66365 0.66357 0.66333 0.66292 0.66236 0.66164 0.66076 0.65972 0.65854 0.6572 0.65572 0.6541 0.65233 0.65043 0.6484 0.64624 0.64396 0.64156 0.63905 0.63643 0.6337 0.63087 0.62795 0.62494 0.62184 0.61865 0.6154 0.61206 0.60866 0.6052 0.60168 0.5981 0.59446 0.59078 0.58706 0.58329 0.57948 0.57564 0.57177 0.56787 0.56394 0.55999 0.55603 0.55204 0.54804 0.54402 0.53999 0.53596 0.53192 0.52787 0.52382 0.51977 0.51572 0.51167 0.50763 0.50358 0.49955 0.49552 0.49151 0.4875 0.4835 0.47951 0.47554 0.47158 0.46764 0.46371 0.45979 0.45589 0.45201 0.44815 0.44431 0.44049 0.43668 0.4329 0.42913 0.42539 0.42167 0.41797 0.41429 0.41063 0.407 0.40339 0.3998 0.39624 0.3927 0.38918 0.38569 0.38222 0.37877 0.37535 0.37195 0.36858 0.36523 0.36191 0.35861 0.35533 0.35208 0.34886 0.34566 0.34248 0.33933
0.65705 0.65697 0.65673 0.65634 0.6558 0.6551 0.65425 0.65325 0.6521 0.65081 0.64938 0.6478 0.6461 0.64426 0.64229 0.6402 0.63798 0.63565 0.63321 0.63067 0.62802 0.62527 0.62243 0.61949 0.61648 0.61338 0.6102 0.60696 0.60364 0.60026 0.59682 0.59332 0.58977 0.58618 0.58253 0.57885 0.57512 0.57136 0.56757 0.56375 0.5599 0.55603 0.55213 0.54822 0.54429 0.54034 0.53639 0.53242 0.52845 0.52447 0.52049 0.5165 0.51251 0.50853 0.50454 0.50056 0.49659 0.49262 0.48865 0.4847 0.48076 0.47682 0.4729 0.46899 0.4651 0.46122 0.45735 0.4535 0.44967 0.44585 0.44205 0.43827 0.43451 0.43076 0.42704 0.42333 0.41965 0.41599 0.41235 0.40873 0.40513 0.40155 0.398 0.39447 0.39096 0.38748 0.38401 0.38057 0.37716 0.37377 0.3704 0.36705 0.36373 0.36044 0.35716 0.35391 0.35069 0.34749 0.34431 0.34116 0.33803
0.65051 0.65043 0.65021 0.64983 0.6493 0.64863 0.6478 0.64684 0.64573 0.64448 0.64309 0.64156 0.63991 0.63812 0.63622 0.63419 0.63204 0.62978 0.62741 0.62494 0.62236 0.61969 0.61692 0.61407 0.61113 0.60811 0.60502 0.60185 0.59862 0.59532 0.59196 0.58855 0.58508 0.58156 0.578 0.5744 0.57075 0.56707 0.56335 0.55961 0.55584 0.55204 0.54822 0.54438 0.54052 0.53665 0.53276 0.52886 0.52496 0.52104 0.51713 0.5132 0.50928 0.50535 0.50143 0.49751 0.49359 0.48968 0.48577 0.48188 0.47799 0.47411 0.47024 0.46638 0.46253 0.4587 0.45488 0.45108 0.44729 0.44352 0.43976 0.43602 0.4323 0.4286 0.42492 0.42125 0.41761 0.41398 0.41038 0.4068 0.40323 0.39969 0.39617 0.39268 0.3892 0.38575 0.38232 0.37891 0.37552 0.37216 0.36882 0.3655 0.36221 0.35894 0.35569 0.35247 0.34927 0.3461 0.34294 0.33982 0.33671
0.64404 0.64396 0.64374 0.64338 0.64287 0.64222 0.64142 0.64048 0.63941 0.6382 0.63685 0.63537 0.63377 0.63204 0.63019 0.62822 0.62614 0.62394 0.62164 0.61924 0.61673 0.61413 0.61144 0.60866 0.6058 0.60286 0.59985 0.59676 0.59361 0.59039 0.58711 0.58378 0.58039 0.57695 0.57347 0.56994 0.56637 0.56277 0.55913 0.55546 0.55176 0.54804 0.54429 0.54052 0.53673 0.53293 0.52911 0.52528 0.52144 0.5176 0.51374 0.50988 0.50602 0.50216 0.4983 0.49443 0.49057 0.48672 0.48287 0.47902 0.47519 0.47136 0.46754 0.46374 0.45994 0.45616 0.45239 0.44863 0.44489 0.44116 0.43745 0.43375 0.43007 0.42641 0.42277 0.41914 0.41554 0.41195 0.40839 0.40484 0.40131 0.39781 0.39432 0.39086 0.38741 0.38399 0.38059 0.37722 0.37386 0.37053 0.36722 0.36393 0.36067 0.35742 0.3542 0.35101 0.34783 0.34468 0.34156 0.33845 0.33537
0.63763 0.63756 0.63734 0.63699 0.6365 0.63586 0.63509 0.63419 0.63315 0.63197 0.63067 0.62924 0.62768 0.626 0.62421 0.62229 0.62027 0.61814 0.6159 0.61357 0.61113 0.6086 0.60599 0.60328 0.6005 0.59763 0.59469 0.59168 0.5886 0.58546 0.58226 0.57901 0.57569 0.57233 0.56893 0.56548 0.56198 0.55846 0.55489 0.5513 0.54767 0.54402 0.54034 0.53665 0.53293 0.5292 0.52545 0.52168 0.51791 0.51413 0.51034 0.50654 0.50274 0.49894 0.49514 0.49133 0.48753 0.48373 0.47994 0.47615 0.47237 0.46859 0.46483 0.46107 0.45732 0.45359 0.44986 0.44615 0.44246 0.43877 0.43511 0.43145 0.42782 0.4242 0.4206 0.41701 0.41344 0.4099 0.40637 0.40286 0.39937 0.39589 0.39244 0.38901 0.3856 0.38222 0.37885 0.3755 0.37218 0.36888 0.36559 0.36234 0.3591 0.35588 0.35269 0.34952 0.34637 0.34325 0.34015 0.33707 0.33401
0.63128 0.63122 0.63101 0.63067 0.63019 0.62958 0.62883 0.62795 0.62694 0.6258 0.62454 0.62315 0.62164 0.62001 0.61827 0.61641 0.61445 0.61238 0.6102 0.60793 0.60556 0.6031 0.60055 0.59792 0.59521 0.59242 0.58955 0.58662 0.58361 0.58055 0.57742 0.57424 0.57101 0.56772 0.56439 0.56101 0.55759 0.55414 0.55065 0.54713 0.54357 0.53999 0.53639 0.53276 0.52911 0.52545 0.52176 0.51807 0.51436 0.51064 0.50692 0.50318 0.49944 0.4957 0.49196 0.48821 0.48447 0.48072 0.47699 0.47325 0.46952 0.4658 0.46208 0.45838 0.45468 0.45099 0.44732 0.44365 0.44 0.43636 0.43274 0.42913 0.42554 0.42196 0.4184 0.41485 0.41133 0.40782 0.40432 0.40085 0.3974 0.39396 0.39054 0.38715 0.38377 0.38042 0.37708 0.37377 0.37047 0.3672 0.36395 0.36072 0.35751 0.35432 0.35116 0.34802 0.34489 0.34179 0.33872 0.33566 0.33263
0.625 0.62494 0.62474 0.6244 0.62394 0.62335 0.62262 0.62177 0.62079 0.61969 0.61846 0.61711 0.61565 0.61407 0.61238 0.61057 0.60866 0.60665 0.60454 0.60233 0.60003 0.59763 0.59515 0.59259 0.58994 0.58722 0.58443 0.58156 0.57864 0.57564 0.57259 0.56948 0.56632 0.56311 0.55985 0.55655 0.5532 0.54982 0.5464 0.54295 0.53947 0.53596 0.53242 0.52886 0.52528 0.52168 0.51807 0.51444 0.51079 0.50714 0.50347 0.4998 0.49612 0.49244 0.48876 0.48507 0.48138 0.4777 0.47401 0.47033 0.46665 0.46298 0.45932 0.45566 0.45201 0.44838 0.44475 0.44113 0.43753 0.43393 0.43035 0.42679 0.42324 0.4197 0.41618 0.41267 0.40918 0.40571 0.40226 0.39882 0.3954 0.392 0.38862 0.38526 0.38192 0.3786 0.37529 0.37201 0.36875 0.3655 0.36228 0.35908 0.3559 0.35274 0.3496 0.34649 0.34339 0.34032 0.33727 0.33424 0.33123
0.61878 0.61872 0.61853 0.6182 0.61775 0.61718 0.61648 0.61565 0.6147 0.61363 0.61244 0.61113 0.60971 0.60817 0.60653 0.60478 0.60292 0.60097 0.59891 0.59676 0.59452 0.59219 0.58977 0.58728 0.5847 0.58205 0.57932 0.57653 0.57367 0.57075 0.56777 0.56473 0.56164 0.5585 0.55532 0.55208 0.54881 0.5455 0.54215 0.53877 0.53536 0.53192 0.52845 0.52496 0.52144 0.51791 0.51436 0.51079 0.50721 0.50362 0.50002 0.49641 0.49279 0.48917 0.48554 0.48191 0.47828 0.47465 0.47102 0.46739 0.46377 0.46015 0.45653 0.45293 0.44933 0.44574 0.44216 0.43859 0.43503 0.43148 0.42794 0.42442 0.42091 0.41742 0.41394 0.41047 0.40702 0.40359 0.40017 0.39677 0.39339 0.39003 0.38668 0.38335 0.38004 0.37675 0.37348 0.37023 0.367 0.36379 0.36059 0.35742 0.35427 0.35114 0.34803 0.34494 0.34187 0.33883 0.3358 0.3328 0.32981
0.61263 0.61256 0.61238 0.61206 0.61163 0.61107 0.61039 0.60959 0.60866 0.60763 0.60647 0.6052 0.60382 0.60233 0.60073 0.59903 0.59723 0.59532 0.59332 0.59123 0.58905 0.58678 0.58443 0.58199 0.57948 0.5769 0.57424 0.57152 0.56873 0.56587 0.56296 0.55999 0.55697 0.5539 0.55079 0.54763 0.54442 0.54118 0.5379 0.53459 0.53124 0.52787 0.52447 0.52104 0.5176 0.51413 0.51064 0.50714 0.50362 0.50009 0.49655 0.493 0.48944 0.48588 0.48231 0.47873 0.47516 0.47158 0.46801 0.46443 0.46086 0.45729 0.45373 0.45017 0.44662 0.44308 0.43955 0.43602 0.43251 0.42901 0.42551 0.42203 0.41857 0.41511 0.41167 0.40825 0.40484 0.40144 0.39806 0.3947 0.39136 0.38803 0.38472 0.38142 0.37815 0.37489 0.37165 0.36843 0.36523 0.36205 0.35889 0.35575 0.35262 0.34952 0.34644 0.34338 0.34034 0.33731 0.33431 0.33133 0.32838
